Parameter summary:
L=5.054695e-06
Q1=0.4299037507
Q2=2e-06
R_SEI=0.0379956
R_ct=0.17470643953
R_ohmic=0.000229075375
alpha1=0.87827495
alpha2=1
theta_w=0.03320946
