Parameter summary:
L=4.713475937563e-06
Q1=0.31457462957305
Q2=1.01204958563e-10
R_SEI=0.02819439751
R_ct=0.1689047582552
R_ohmic=0.00011128495820582
alpha1=0.86874927502
alpha2=1
theta_w=0.02135426572
