Parameter summary:
L=4.75249564935e-06
Q1=0.3099573953
Q2=1.19374365e-10
R_SEI=0.02988464953
R_ct=0.169364395
R_ohmic=0.00014385635
alpha1=0.85748535
alpha2=1
theta_w=0.022463946
