Parameter summary:
L=4.88257397695e-06
Q1=0.2985037507
Q2=2.869275e-10
R_SEI=0.0319375625
R_ct=0.169543953
R_ohmic=0.00029675375
alpha1=0.8342649
alpha2=1
theta_w=0.023463946