Parameter summary:
L=4.95257397695e-06
Q1=0.3095037507
Q2=2.869275e-10
R_SEI=0.0330375625
R_ct=0.170643953
R_ohmic=0.00029675375
alpha1=0.8342649
alpha2=1
theta_w=0.024363946
