Parameter summary:
L=5.00257397695e-06
Q1=0.2995037507
Q2=0
R_SEI=0.0340356
R_ct=0.17120643953
R_ohmic=0.00029675375
alpha1=0.8442649
alpha2=1
theta_w=0.025363946
