Parameter summary:
L=5.03257397695e-06
Q1=0.2985037507
Q2=2e-07
R_SEI=0.0342956
R_ct=0.17200643953
R_ohmic=0.00029875375
alpha1=0.849649
alpha2=1
theta_w=0.026863946