Parameter summary:
L=5.05864695e-06
Q1=0.4285037507
Q2=2e-07
R_SEI=0.0352956
R_ct=0.17300643953
R_ohmic=0.00029875375
alpha1=0.850864
alpha2=1
theta_w=0.02893946
