Parameter summary:
L=5.0304695e-06
Q1=0.4285037507
Q2=2e-06
R_SEI=0.0360956
R_ct=0.17370643953
R_ohmic=0.000208075375
alpha1=0.860864
alpha2=1
theta_w=0.03090946
