Parameter summary:
L=5.0004695e-06
Q1=0.4399037507
Q2=2e-06
R_SEI=0.0365956
R_ct=0.17400643953
R_ohmic=0.000208075375
alpha1=0.86827495
alpha2=1
theta_w=0.03190946