Parameter summary:
L=4.613463370397013e-06
Q1=0.3545606344548185
Q2=1.0093873002521454e-10
R_SEI=0.02671349685950166
R_ct=0.16839138260470324
R_ohmic=1.1129103049855046e-05
alpha1=0.8705923871482131
alpha2=1
theta_w=0.02049005659509121